1,-324.116+14.0181j,-324.116-14.0181j,230.590
2,-0.756351+2.10358j,-0.756351-2.10358j,-1.025290
3,-3.03977+0.7625j,-3.03977-0.7625j,1.079540
4,-3.03799+0.767439j,-3.03799-0.767439j,1.05590
5,-3.05635+0.968223j,-3.05635-0.968223j,1.077580
6,-3.03832+0.419238j,-3.03832-0.419238j,1.076650
7,-11.7368+6.23368j,-11.7368-6.23368j,-4.38460
8,-3.26966+0.24418j,-3.26966-0.24418j,1.717570
9,-3.01428+0.188092j,-3.01428-0.188092j,1.021410
10,-3.04006+0.123056j,-3.04006-0.123056j,1.079990
11,-3.03809+0.0898905j,-3.03809-0.0898905j,1.076430
12,-3.03832+0.0739892j,-3.03832-0.0739892j,1.076640
13,-3.03832+0.0556037j,-3.03832-0.0556037j,1.076640
14,-3.03835+0.0363433j,-3.03835-0.0363433j,1.076610
15,-3.03831+0.0296524j,-3.03831-0.0296524j,1.076650
16,-3.03832+0.0237385j,-3.03832-0.0237385j,1.076640
17,-3.03832+0.0165493j,-3.03832-0.0165493j,1.076650
18,-3.03831+0.0188475j,-3.03831-0.0188475j,1.076660
19,-3.03832+0.00979555j,-3.03832-0.00979555j,1.076640
20,-3.03832+0.00850468j,-3.03832-0.00850468j,1.076640
21,-17.2361+2.83796j,-17.2361-2.83796j,-4.386440
22,-5.78478+2.62784j,-5.78478-2.62784j,0.5230080
23,4.27495+0.777616j,4.27495-0.777616j,-4.960770
24,-14.02420,7.947530,1.076640
25,-14.02420,7.947540,1.076640
26,-14.02420,7.947540,1.076640
27,-14.02420,7.947530,1.076640
28,-14.02420,7.947540,1.076640
29,-14.02420,7.947530,1.076640
30,-14.02420,7.947530,1.076640
31,-14.02420,7.947530,1.076640
32,-14.02420,7.947530,1.076640
33,-14.02420,7.947530,1.076640
34,-14.02420,7.947530,1.076640
35,-9.66614+16.444j,-9.66614-16.444j,-3.790950
36,-17.7689+59.9445j,-17.7689-59.9445j,-24.06190
37,0.115833+8.51815j,0.115833-8.51815j,0.1847330
38,-1.54495+49.507j,-1.54495-49.507j,1.94220
39,-14.02420,7.947530,1.076640
40,-14.02420,7.947530,1.076640
41,-14.02420,7.947530,1.076640
42,-14.02420,7.947530,1.076640
43,-14.02420,7.947530,1.076640
44,-6.86037+18.0573j,-6.86037-18.0573j,6.854190
45,-14.02420,7.947530,1.076640
46,-14.02420,7.947530,1.076640
47,-14.02420,7.947530,1.076640
48,-14.02420,7.947530,1.076640
49,-14.02420,7.947530,1.076640
50,-14.02420,7.947530,1.076640
51,-14.02420,7.947530,1.076640
52,-14.02420,7.947530,1.076640
53,-14.02420,7.947530,1.076640
54,-14.02420,7.947530,1.076640
55,-14.02420,7.947530,1.076640
56,-14.02420,7.947530,1.076640
57,-14.02420,7.947530,1.076640
58,-14.02420,7.947530,1.076640
59,-14.02420,7.947530,1.076640
60,-14.02420,7.947530,1.076640
61,-14.02420,7.947530,1.076640
62,-14.02420,7.947530,1.076640
63,-14.02420,7.947530,1.076640
64,-14.02420,7.947530,1.076640
65,-14.02420,7.947530,1.076640
66,-14.02420,7.947530,1.076640
67,-14.02420,7.947530,1.076640
68,-14.02420,7.947530,1.076640
69,-14.02420,7.947530,1.076640
70,-14.02420,7.947530,1.076640
71,-14.02420,7.947530,1.076640
72,-14.02420,7.947530,1.076640
73,-14.02420,7.947530,1.076640
74,-14.02420,7.947530,1.076640
75,-14.02420,7.947530,1.076640
76,-14.02420,7.947530,1.076640
77,-14.02420,7.947530,1.076640
78,-14.02420,7.947530,1.076640
79,-14.02420,7.947530,1.076640
80,-14.02420,7.947530,1.076640
81,-14.02420,7.947530,1.076640
82,46.5609+32.4704j,46.5609-32.4704j,-33.45840
83,-14.02420,7.947530,1.076640
84,-14.02420,7.947530,1.076640
85,-14.02420,7.947530,1.076640
86,-14.02420,7.947530,1.076640
87,-14.02420,7.947530,1.076640
88,-14.02420,7.947530,1.076640
89,51.9601+10.7804j,51.9601-10.7804j,-45.78110
90,0.196546+54.2686j,0.196546-54.2686j,-0.1255050
91,50.7985+22.0497j,50.7985-22.0497j,-44.1850
92,50.1354+25.7032j,50.1354-25.7032j,-41.36090
93,-14.02420,7.947530,1.076640
94,-14.02420,7.947530,1.076640
95,-14.02420,7.947530,1.076640
96,-14.02420,7.947530,1.076640
97,-14.02420,7.947530,1.076640
98,-14.02420,7.947530,1.076640
99,-14.02420,7.947530,1.076640
100,-14.02420,7.947530,1.076640
10,-3.03832+0.130861j,-3.03832-0.130861j,1.076640
20,-3.03832+0.0076229j,-3.03832-0.0076229j,1.076640
30,-14.02420,7.947530,1.076640
40,-14.02420,7.947530,1.076640
50,-0.056816+11.0983j,-0.056816-11.0983j,8.275710
60,-0.420807+12.5959j,-0.420807-12.5959j,1.044910
70,0.529184+12.8248j,0.529184-12.8248j,0.9694040
80,0.0659844+78.1576j,0.0659844-78.1576j,1.82660
90,-14.02420,7.947530,1.076640
100,-14.02420,7.947530,1.076640
110,-14.02420,7.947530,1.076640
120,-14.02420,7.947530,1.076640
130,42.9036+26.9008j,42.9036-26.9008j,-16.31660
140,-0.870657+0.216179j,-0.870657-0.216179j,-3.203060
150,-3.37758+0.0619602j,-3.37758-0.0619602j,1.762970
160,-3.01511+0.00708815j,-3.01511-0.00708815j,1.029930
170,-14.02420,7.947530,1.076640
180,1.1766+9.59216j,1.1766-9.59216j,8.877260
190,0.757849+6.35211j,0.757849-6.35211j,-3.518280
200,-3.22709+60.8063j,-3.22709-60.8063j,4.831730
210,0.656166+15.079j,0.656166-15.079j,1.203450
220,-14.02420,7.947530,1.076640
230,-14.02420,7.947530,1.076640
240,-14.02420,7.947530,1.076640
250,-14.02420,7.947530,1.076640
260,-14.02420,7.947530,1.076640
270,-14.02420,7.947530,1.076640
280,-14.02420,7.947530,1.076640
290,-14.02420,7.947530,1.076640
300,-14.02420,7.947530,1.076640
310,1.98221+3.52028j,1.98221-3.52028j,-2.867070
320,-13.95720,-0.196132+13.5743j,-0.196132-13.5743j
330,-13.95720,-0.195874+13.7294j,-0.195874-13.7294j
340,-14.10060,0.308331+14.2214j,0.308331-14.2214j
350,-14.02420,7.947530,1.076640
360,-14.02420,7.947530,1.076640
370,-14.02420,7.947530,1.076640
380,-14.02420,7.947530,1.076640
390,-14.02420,7.947530,1.076640
400,-14.02420,7.947530,1.076640
410,-14.02420,7.947530,1.076640
420,-14.02420,7.947530,1.076640
430,-14.02420,7.947530,1.076640
440,-14.02420,7.947530,1.076640
450,-149.514+16.1081j,-149.514-16.1081j,95.10870
460,-14.02420,7.947530,1.076640
470,-14.02420,7.947530,1.076640
480,-14.02420,7.947530,1.076640
490,-10.523+1.84999j,-10.523-1.84999j,8.80830
500,-14.02420,7.947530,1.076640
510,-14.02420,7.947530,1.076640
520,-14.02420,7.947530,1.076640
530,-14.02420,7.947530,1.076640
540,-14.02420,7.947530,1.076640
550,-14.02420,7.947530,1.076640
560,-14.02420,7.947530,1.076640
570,-14.02420,7.947530,1.076640
580,-14.02420,7.947530,1.076640
590,-14.02420,7.947530,1.076640
600,-14.02420,7.947530,1.076640
610,-14.02420,7.947530,1.076640
620,-14.02420,7.947530,1.076640
630,-14.02420,7.947530,1.076640
640,-11.1557+7.73035j,-11.1557-7.73035j,10.57360
650,-0.17568+19.1164j,-0.17568-19.1164j,0.8463070
660,0.152589+21.4625j,0.152589-21.4625j,1.150170
670,-14.02420,7.947530,1.076640
680,-14.02420,7.947530,1.076640
690,-14.02420,7.947530,1.076640
700,-14.02420,7.947530,1.076640
710,-14.02420,7.947530,1.076640
720,-14.02420,7.947530,1.076640
730,-14.02420,7.947530,1.076640
740,-14.02420,7.947530,1.076640
750,-14.02420,7.947530,1.076640
760,-14.02420,7.947530,1.076640
770,-14.02420,7.947530,1.076640
780,-14.02420,7.947530,1.076640
790,-14.02420,7.947530,1.076640
800,-14.02420,7.947530,1.076640
810,-14.02420,7.947530,1.076640
820,-14.02420,7.947530,1.076640
830,-14.02420,7.947530,1.076640
840,-14.02420,7.947530,1.076640
850,-14.02420,7.947530,1.076640
860,-14.02420,7.947530,1.076640
870,-8.4004+16.2597j,-8.4004-16.2597j,14.78440
880,-14.0250,3.59274+3.67556j,3.59274-3.67556j
890,-14.02420,7.947530,1.076640
900,-14.02420,7.947530,1.076640
910,-14.02420,7.947530,1.076640
920,-14.02420,7.947530,1.076640
930,-14.02420,7.947530,1.076640
940,-2.39559+19.718j,-2.39559-19.718j,13.6060
950,-14.02420,7.947530,1.076640
960,-14.02420,7.947530,1.076640
970,-14.02420,7.947530,1.076640
980,-14.02420,7.947530,1.076640
990,-14.02420,7.947530,1.076640
1000,-14.02420,7.947530,1.076640
100,-14.02420,7.947530,1.076640
200,-14.02420,7.947530,1.076640
300,-14.02420,7.947530,1.076640
400,-14.02420,7.947530,1.076640
500,-10.8783+1.75936j,-10.8783-1.75936j,10.18690
600,-14.02420,7.947530,1.076640
700,-14.02420,7.947530,1.076640
800,-14.02420,7.947530,1.076640
900,-14.02420,7.947530,1.076640
1000,-14.02420,7.947530,1.076640
1100,228.134+32.0918j,228.134-32.0918j,-179.3490
1200,-7.34079+0.182579j,-7.34079-0.182579j,-0.01484960
1300,-3.18201+0.17254j,-3.18201-0.17254j,1.364910
1400,0.804473+23.4489j,0.804473-23.4489j,2.001540
1500,-14.02420,7.947530,1.076640
1600,-14.02420,7.947530,1.076640
1700,-14.02420,7.947530,1.076640
1800,-14.02420,7.947530,1.076640
1900,-14.02420,7.947530,1.076640
2000,-14.02420,7.947530,1.076640
2100,-14.02420,7.947530,1.076640
2200,-14.02420,7.947530,1.076640
2300,-8.86728+308.993j,-8.86728-308.993j,-247.4930
2400,-41.1638+6047.05j,-41.1638-6047.05j,-14.56090
2500,0.0258967+35.7021j,0.0258967-35.7021j,1.376450
2600,-14.02420,7.947530,1.076640
2700,3.6783+336.088j,3.6783-336.088j,-302.0550
2800,-0.0717261+9.98811j,-0.0717261-9.98811j,-0.006574110
2900,-14.02420,4.51208+0.00505183j,4.51208-0.00505183j
3000,-14.02420,7.947530,1.076640
3100,-14.02420,7.947530,1.076640
3200,-14.02420,7.947530,1.076640
3300,-14.02420,7.947530,1.076640
3400,-14.02420,7.947530,1.076640
3500,-14.02420,7.947530,1.076640
3600,-14.02420,7.947530,1.076640
3700,-14.02420,7.947530,1.076640
3800,-14.02420,7.947530,1.076640
3900,-14.02420,7.947530,1.076640
4000,-14.02420,7.947530,1.076640
4100,-12.9495+32.2713j,-12.9495-32.2713j,26.54280
4200,-14.02420,7.947530,1.076640
4300,-14.02420,7.947530,1.076640
4400,-14.02420,7.947530,1.076640
4500,-14.02420,7.947530,1.076640
4600,-14.02420,7.947530,1.076640
4700,-14.02420,7.947530,1.076640
4800,-14.02420,7.947530,1.076640
4900,-14.02420,7.947530,1.076640
5000,-14.02420,7.947530,1.076640
5100,-14.02420,7.947530,1.076640
5200,-14.02420,7.947530,1.076640
5300,-14.02420,7.947530,1.076640
5400,-14.02420,7.947530,1.076640
5500,-14.02420,7.947530,1.076640
5600,-14.02420,7.947530,1.076640
5700,-14.02420,7.947530,1.076640
5800,-258.69+39.7896j,-258.69-39.7896j,3.530650
5900,-14.02420,7.947530,1.076640
6000,0.121574+51.4576j,0.121574-51.4576j,28.7090
6100,-0.355077+55.2248j,-0.355077-55.2248j,0.6393220
6200,0.143213+56.8352j,0.143213-56.8352j,1.16140
6300,0.0354818+52.0681j,0.0354818-52.0681j,26.69720
6400,4.68652+2152.03j,4.68652-2152.03j,-6.266390
6500,-0.762567+58.1295j,-0.762567-58.1295j,0.9756790
6600,0.498805+41.3968j,0.498805-41.3968j,0.9822440
6700,-274.624+9.90255j,-274.624-9.90255j,6.076930
6800,-14.02420,7.947530,1.076640
6900,-14.02420,7.947530,1.076640
7000,-14.02420,7.947530,1.076640
7100,-14.02420,7.947530,1.076640
7200,-14.02420,7.947530,1.076640
7300,-14.02420,7.947530,1.076640
7400,-14.02420,7.947530,1.076640
7500,-14.02420,7.947530,1.076640
7600,-14.02420,7.947530,1.076640
7700,-14.02420,7.947530,1.076640
7800,-14.02420,7.947530,1.076640
7900,0.706705+57.3532j,0.706705-57.3532j,22.85320
8000,-14.02420,7.947530,1.076640
8100,-14.02420,7.947530,1.076640
8200,-14.02420,7.947530,1.076640
8300,-14.02420,7.947530,1.076640
8400,-14.02420,7.947530,1.076640
8500,-14.02420,7.947530,1.076640
8600,-310.302+24.04j,-310.302-24.04j,2.187360
8700,0.0170306+10.3343j,0.0170306-10.3343j,3.431460
8800,-14.02420,7.947530,1.076640
8900,-14.02420,7.947530,1.076640
9000,-14.02420,7.947530,1.076640
9100,-14.02420,7.947530,1.076640
9200,-14.02420,7.947530,1.076640
9300,-14.02420,7.947530,1.076640
9400,-0.613606+64.4014j,-0.613606-64.4014j,14.34450
9500,0.499206+51.4216j,0.499206-51.4216j,1.048440
9600,-0.0314426+4578.19j,-0.0314426-4578.19j,2.675170
9700,-0.175444+64.2326j,-0.175444-64.2326j,17.99910
9800,0.120848+1954.78j,0.120848-1954.78j,-4.816910
9900,-0.903492+1943.67j,-0.903492-1943.67j,-2.827420
10000,0.0604908+70.3491j,0.0604908-70.3491j,13.81880
1000,-0.0309947+20.4582j,-0.0309947-20.4582j,14.64920
2000,-14.02420,7.947530,1.076640
3000,-14.02420,7.947530,1.076640
4000,-14.02420,7.947530,1.076640
5000,-14.02420,7.947530,1.076640
6000,-14.02420,7.947530,1.076640
7000,0.289021+55.3247j,0.289021-55.3247j,22.44910
8000,-5.17479+380.079j,-5.17479-380.079j,-269.3280
9000,-14.02420,7.947530,1.076640
10000,-14.02420,7.947530,1.076640
11000,-14.02420,7.947530,1.076640
12000,-14.02420,7.947530,1.076640
13000,-14.02420,7.947530,1.076640
14000,-14.02420,7.947530,1.076640
15000,-14.02420,7.947530,1.076640
16000,-14.02420,7.947530,1.076640
17000,-14.02420,7.947530,1.076640
18000,-14.02420,7.947530,1.076640
19000,-14.02420,7.947530,1.076640
20000,-485.602+50.4535j,-485.602-50.4535j,-2.66590
21000,-14.02420,7.947530,1.076640
22000,0.323783+98.8461j,0.323783-98.8461j,34.74450
23000,0.314768+107.021j,0.314768-107.021j,0.8262160
24000,-0.850698+110.141j,-0.850698-110.141j,1.147660
25000,-515.102+23.6581j,-515.102-23.6581j,-2.421750
26000,-0.0741654+106.485j,-0.0741654-106.485j,46.2410
27000,-14.02420,7.947530,1.076640
28000,-14.02420,7.947530,1.076640
29000,-14.02420,7.947530,1.076640
30000,-14.02420,7.947530,1.076640
31000,-14.02420,7.947530,1.076640
32000,-14.02420,7.947530,1.076640
33000,-14.02420,7.947530,1.076640
34000,-14.02420,7.947530,1.076640
35000,-14.02420,7.947530,1.076640
36000,-14.02420,7.947530,1.076640
37000,-14.02420,7.947530,1.076640
38000,-14.02420,7.947530,1.076640
39000,-14.02420,7.947530,1.076640
40000,-656.36+94.0083j,-656.36-94.0083j,4.156250
41000,0.0580634+24.9511j,0.0580634-24.9511j,-5.611040
42000,0.0649346+141.361j,0.0649346-141.361j,1.278410
43000,0.0109379+10334.4j,0.0109379-10334.4j,3.174740
44000,-14.02420,7.947530,1.076640
45000,-14.02420,7.947530,1.076640
46000,-14.02420,7.947530,1.076640
47000,-14.02420,7.947530,1.076640
48000,-14.02420,7.947530,1.076640
49000,-14.02420,7.947530,1.076640
50000,-14.02420,7.947530,1.076640
51000,-14.02420,7.947530,1.076640
52000,-14.02420,7.947530,1.076640
53000,-14.02420,7.947530,1.076640
54000,-14.02420,7.947530,1.076640
55000,-14.02420,7.947530,1.076640
56000,-14.02420,7.947530,1.076640
57000,-14.02420,7.947530,1.076640
58000,-14.02420,7.947530,1.076640
59000,-14.02420,7.947530,1.076640
60000,-14.02420,7.947530,1.076640
61000,-14.02420,7.947530,1.076640
62000,-14.02420,7.947530,1.076640
63000,-14.02420,7.947530,1.076640
64000,-14.02420,7.947530,1.076640
65000,-14.02420,7.947530,1.076640
66000,-14.02420,7.947530,1.076640
67000,-14.02420,7.947530,1.076640
68000,-14.02420,7.947530,1.076640
69000,-876.437+28.6194j,-876.437-28.6194j,0.2856180
70000,-50589+267078j,-50589-267078j,1708950
71000,0.104685+169.032j,0.104685-169.032j,45.88490
72000,-0.0400575+170.284j,-0.0400575-170.284j,1.453760
73000,0.298096+173.061j,0.298096-173.061j,38.5270
74000,0.0558883+189.308j,0.0558883-189.308j,1.326440
75000,-0.499914+116.422j,-0.499914-116.422j,0.9975260
76000,-20.26+9654.26j,-20.26-9654.26j,2.350280
77000,0.50003+100.983j,0.50003-100.983j,0.9889540
78000,0.139217+197.728j,0.139217-197.728j,1.158870
79000,-14.02420,7.947530,1.076640
80000,-14.02420,7.947530,1.076640
81000,-14.02420,7.947530,1.076640
82000,-14.02420,7.947530,1.076640
83000,-14.02420,7.947530,1.076640
84000,-14.02420,7.947530,1.076640
85000,-14.02420,7.947530,1.076640
86000,-14.02420,7.947530,1.076640
87000,-14.02420,7.947530,1.076640
88000,-14.02420,7.947530,1.076640
89000,-14.02420,7.947530,1.076640
90000,-14.02420,7.947530,1.076640
91000,-14.02420,7.947530,1.076640
92000,-0.340289+204.968j,-0.340289-204.968j,22.91580
93000,-0.304581+106.24j,-0.304581-106.24j,0.4190810
94000,-10.0524+22715.3j,-10.0524-22715.3j,4.181040
95000,-10.0401+22833.8j,-10.0401-22833.8j,4.185750
96000,-0.0225023+3.02419e+06j,-0.0225023-3.02419e+06j,3.523110
97000,-14.02420,7.947530,1.076640
98000,-14.02420,7.947530,1.076640
99000,-14.02420,7.947530,1.076640
100000,-14.02420,7.947530,1.076640
10000,-14.02420,7.947530,1.076640
20000,-14.02420,7.947530,1.076640
30000,-14.02420,7.947530,1.076640
40000,-14.02420,7.947530,1.076640
50000,-14.02420,7.947530,1.076640
60000,-14.02420,7.947530,1.076640
70000,-14.02420,7.947530,1.076640
80000,-14.02420,7.947530,1.076640
90000,-14.02420,7.947530,1.076640
100000,-14.02420,7.947530,1.076640
110000,-14.02420,7.947530,1.076640
120000,-14.02420,7.947530,1.076640
130000,-14.02420,7.947530,1.076640
140000,-14.02420,7.947530,1.076640
150000,-14.02420,7.947530,1.076640
160000,-14.02420,7.947530,1.076640
170000,-14.02420,7.947530,1.076640
180000,-14.02420,7.947530,1.076640
190000,-14.02420,7.947530,1.076640
200000,-14.02420,7.947530,1.076640
210000,-14.02420,7.947530,1.076640
220000,-14.02420,7.947530,1.076640
230000,-1590.92+92.2647j,-1590.92-92.2647j,-7.518490
240000,-0.0538405+345.176j,-0.0538405-345.176j,9.053760
250000,-0.586545+10.1071j,-0.586545-10.1071j,-6.068230
260000,0.00131111+232.575j,0.00131111-232.575j,1.315680
270000,-14.02420,7.947530,1.076640
280000,-14.02420,7.947530,1.076640
290000,-14.02420,7.947530,1.076640
300000,-14.02420,7.947530,1.076640
310000,-14.02420,7.947530,1.076640
320000,-14.02420,7.947530,1.076640
330000,-14.02420,7.947530,1.076640
340000,-1900.44+55.6574j,-1900.44-55.6574j,7.700490
350000,-97637.2+695820j,-97637.2-695820j,-2711030
360000,-361395+6.29267e+08j,-361395-6.29267e+08j,2.71673e+070
370000,-0.244707+319.914j,-0.244707-319.914j,-5.478120
380000,-14.02420,7.947530,1.076640
390000,-14.02420,7.947530,1.076640
400000,0.727311+417.942j,0.727311-417.942j,61.88040
410000,-0.454286+137.108j,-0.454286-137.108j,0.9457750
420000,-0.000940494+27177.9j,-0.000940494-27177.9j,1.787180
430000,0.232658+1.47433e+07j,0.232658-1.47433e+07j,-0.6705930
440000,-14.02420,7.947530,1.076640
450000,-14.02420,7.947530,1.076640
460000,-0.344493+456.882j,-0.344493-456.882j,46.87340
470000,-14.02430,8.68194e-06+5.80309j,8.68194e-06-5.80309j
480000,-13.95560,0.499917+153.197j,0.499917-153.197j
490000,-14.10060,0.308424+495.007j,0.308424-495.007j
500000,-13.95560,-0.499999+175.721j,-0.499999-175.721j
510000,-13.95560,0.5+121.705j,0.5-121.705j
520000,-14.02420,7.947530,1.076640
530000,-14.02420,7.947530,1.076640
540000,-14.02420,7.947530,1.076640
550000,-14.02420,7.947530,1.076640
560000,-14.02420,7.947530,1.076640
570000,-14.02420,7.947530,1.076640
580000,-14.02420,7.947530,1.076640
590000,-14.02420,7.947530,1.076640
600000,-14.02420,7.947530,1.076640
610000,-14.02420,7.947530,1.076640
620000,-14.02420,7.947530,1.076640
630000,-14.02420,7.947530,1.076640
640000,-14.02420,7.947530,1.076640
650000,-14.02420,7.947530,1.076640
660000,-14.02420,7.947530,1.076640
670000,-14.02420,7.947530,1.076640
680000,-14.02420,7.947530,1.076640
690000,-14.02420,7.947530,1.076640
700000,0.190243+563.3j,0.190243-563.3j,233.9160
710000,0.11914+585.611j,0.11914-585.611j,1.144370
720000,-0.5+228.474j,-0.5-228.474j,0.9938440
730000,-14.02420,7.947530,1.076640
740000,-14.02420,7.947530,1.076640
750000,-14.02420,7.947530,1.076640
760000,-14.02420,7.947530,1.076640
770000,-14.02420,7.947530,1.076640
780000,-14.02420,7.947530,1.076640
790000,-14.02420,7.947530,1.076640
800000,-14.02420,7.947530,1.076640
810000,-14.02420,7.947530,1.076640
820000,-14.02420,7.947530,1.076640
830000,-14.02420,7.947530,1.076640
840000,-14.02420,7.947530,1.076640
850000,-14.02420,7.947530,1.076640
860000,-14.02420,7.947530,1.076640
870000,-14.02420,7.947530,1.076640
880000,-3089.18+133.273j,-3089.18-133.273j,-3.646210
890000,0.0184105+666.963j,0.0184105-666.963j,-12.28970
900000,0.457336+293115j,0.457336-293115j,59.26750
910000,-14.02420,7.947530,1.076640
920000,-14.02420,7.947530,1.076640
930000,-14.02420,7.947530,1.076640
940000,-14.02420,7.947530,1.076640
950000,-14.02420,7.947530,1.076640
960000,-14.02420,7.947530,1.076640
970000,-3237.58+330.106j,-3237.58-330.106j,-3.769370
980000,-13.8093+325.189j,-13.8093-325.189j,-142.7990
990000,-14.02420,7.947530,1.076640
1000000,-14.02420,7.947530,1.076640
